Test SeaScan
00000000000000000000000001000000  000000000000000000000000  00100011111000101010011101101101  0000  1111111110111100  0000000000000100  0000000000001011  0000000000111001  0000000000010011  1111111110110101  1111111111111110  1111111111010110  000010111100000100111111101011110001
00000000000000000000000010001000  000000000000000000000000  00100011111000101010011101111111  0000  1111111111100001  1111111110110011  1111111111100110  0000000000111001  0000000000101010  0000000000000101  0000000000010111  0000000000001101  000010111100000100111111101001100001
00000000000000000000000011010000  000000000000000000000000  00100011111000101010011101111111  0000  0000000000000001  1111111110101001  1111111111001010  1111111111111011  0000000000110001  0000000000011110  0000000000100101  0000000000010000  000010111100000100111111101001101010
00000000000000000000000100011000  000000000000000000000000  00100011111000101010011101111111  0000  0000000000100001  0000000001100111  0000000010110110  0000000011111010  0000000110000100  0000000100101000  1111111001101010  1111110101101110  000010111100000100111111101000001010
00000000000000000000000101100000  000000000000000000000000  00100011111000101010011101111111  0000  1111110110000001  1111111101101101  1111111111011000  0000000000111100  0000000001000100  1111111111001111  1111111111001010  1111111111011110  000010111100000100111111101011010111
00000000000000000000000110101000  000000000000000000000000  00100011111000101010011101111111  0000  0000000000001110  0000000000011111  0000000000000011  0000000000110100  0000000010100001  0000000101011011  0000000101111110  0000000011000110  000010111100000100111111011000011100
00000000000000000000000111110000  000000000000000000000000  00100011111000101010011101110100  0000  0000000100000000  0000000100100111  1111111111111110  1111111000000000  1111111011111011  1111111111111000  1111111110110111  0000000000000010  000010111100000100111111101010101011
00000000000000000000001000111000  000000000000000000000000  00100011111000101010011101111111  0000  1111111001011001  0000000010010001  0000000100100001  1111111100110100  0000000100100111  0000001011011111  0000000011100001  0000000001110011  000010111100000100111111101000001111
00000000000000000000001010000000  000000000000000000000000  00100011111000101010010000000010  0000  0000000010010000  0000000011001100  0000000101100001  0000000110001101  1111111111110010  1111110101110000  1111110110101111  1111111001111011  000010111100000100111111110011000000
00000000000000000000001011001000  000000000000000000000000  00100011111000101010011101111111  0000  1111110111110100  1111111110010110  0000000111111111  0000000010111111  1111110110100100  1111110101100000  1111111101101011  0000000000010110  000010111100000100111111101011111110
00000000000000000000001100010000  000000000000000000000000  00100011111000101010011101111111  0000  1111110101010110  1111111101001111  0000000000010010  0000000000101101  0000000001011110  0000000011011100  0000000110010010  0000000110100111  000010111100000100111111010111111100
00000000000000000000001101011000  000000000000000000000000  00100011111000101010011101111111  0000  0000000001000101  0000000000001001  1111111111110010  0000000000100010  0000000001101111  0000000100011000  0000000111000000  0000000100001000  000010111100000100111111010111111110
00000000000000000000001110100000  000000000000000000000000  00100011111000101010011101111111  0000  1111111111110110  0000000000011011  0000000011100101  0000000101011110  0000000100010111  1111111110011110  1111110110111000  1111111011111100  000010111100000100111111101011010011
.....(more records here)....
00000000001100010111000010010001  000000000000000000000000  00100011111000101001011110000000  0000  1111111111100010  1111111111100001  1111111111011011  1111111101001111  1111111001110110  1111111001100110  0000000000101101  0000001010100000  000010111100000100111110111010111011
00000000001100010111000011011001  000000000000000000000000  00100011111000101001011101111111  0000  0000000001000111  0000000000110101  0000000000100110  0000000000010000  1111111110110110  1111111110100001  1111111111111001  0000000000101011  000010111100000100111110110101010100
00000000001100010111000100100001  000000000000000000000000  00100011111000101001011110010000  0000  1111111100111001  0000000000100110  0000000001001000  0000000000000101  1111111111110100  1111111111101001  1111111111000001  1111111111001111  000010111100000100111110110110010111
00000000001100010111000101101001  000000000000000000000000  00100011111000101001011101111111  0000  0000000011000011  1111111110111001  1111111111010011  0000000001010101  0000000010010000  0000000101010001  0000000100011111  1111111100010100  000010111100000100111110101001011101
00000000001100010111000110110001  000000000000000000000000  00100011111000101001011110101010  0000  1111111111111101  1111111111011011  0000000000001000  0000000000111001  1111111111100010  1111111110110110  1111111111011001  0000000000001110  000010111100000100111110110110101001
00000000001100010111000111111001  000000000000000000000000  00100011111000101001011110000000  0000  0000000000001011  1111111110101011  1111111011111110  1111111000010111  1111111001100100  0000000011011101  0000001100011000  0000000011111111  000010111100000100111110110100110010
00000000001100010111001001000001  000000000000000000000000  00100011111000101001011110001100  0000  0000000001110010  0000000101000010  0000000111000111  0000000001111101  1111111000000001  1111110111101110  1111111111000100  1111111111100010  000010111100000100111110110100101110
00000000001100010111001010001001  000000000000000000000000  00100011111000101001011101111111  0000  1111111111101100  1111111111010110  0000000000000000  0000000000010001  1111111111111111  1111111111111010  0000000000111100  0000000001000011  000010111100000100111110110011100001
00000000001100010111001011010001  000000000000000000000000  00100011111000101001011110000000  0000  1111111111111010  1111111111111000  0000000000000111  0000000000100111  1111111111110011  1111111111011011  0000000000100000  1111111111111100  000010111100000100111110110100011111
00000000001100010111001100011001  000000000000000000000000  00100011111000101001011101111111  0000  1111111110111111  1111111110000000  0000000000100011  0000000000111001  0000000000010111  1111111111010110  1111111111011111  0000000000100110  000010111100000100111110110100110111
00000000001100010111001101100001  000000000000000000000000  00100011111000101001011111010110  0000  1111111111110000  1111111111101111  1111111111111001  1111111111100110  1111111111010010  1111111111110110  0000000000101011  0000000001001000  000010111100000100111110110100010001
00000000001100010111001110101001  000000000000000000000000  00100011111000101001011101111111  0000  0000000000001100  0000000000010000  0000000000011000  1111111111110110  0000000000000100  0000000000000101  1111111111010000  0000000000011000  000010111100000100111110110100111001
00000000001100010111001111110001  000000000000000000000000  00100011111000101001011111111100  0000  1111111000011000  1111111111100101  0000000001100011  0000000000011000  1111111111011011  1111111111111001  1111111111101111  0000000000000000  000010111100000100111110110101001111

TX14-4 CSAC
0000000000000000000000000000000000  0000000000000000001001001111000000111110  00  00000000000000000000  00000000000000000000  00000000000000000000  00000000000000000000  000000000000000000000  0000000000000000000  00000000000000000000  0000000000000000000000000000000000000000
0000000000000000000000000001010000  0000000000000000001001001111000000111110  00  00000000000000000000  00000000000000000000  00000000000000000000  00000000000000000000  000000000000000000000  0000000000000000000  00000000000000000000  0000000000000000000000000000000000000000
0000000000000000000000000010100000  0000000000000000001001001111000000111110  00  00000000000000000000  00000000000000000000  00000000000000000000  00000000000000000000  000000000000000000000  0000000000000000000  00000000000000000000  0000000000000000000000000000000000000000
0000000000000000000000000011110000  0000000000000000001001001111000000111110  00  00000000000000000000  00000000000000000000  00000000000000000000  00000000000000000000  000000000000000000000  0000000000000000000  00000000000000000000  0000000000000000000000000000000000000000
0000000000000000000000000101000000  0000000000000000001001001111000000111110  00  00000000000000000000  00000000000000000000  00000000000000000000  00000000000000000000  000000000000000000000  0000000000000000000  00000000000000000000  0000000000000000000000000000000000000000
0000000000000000000000000110010000  0000000000000000001001001111000000111110  00  00000000000000000000  00000000000000000000  00000000000000000000  00000000000000000000  000000000000000000000  0000000000000000000  00000000000000000000  0000000000000000000000000000000000000000
0000000000000000000000000111100000  0000000000000000001001001111000000111110  00  00000000000000000000  00000000000000000000  00000000000000000000  00000000000000000000  000000000000000000000  0000000000000000000  00000000000000000000  0000000000000000000000000000000000000000
0000000000000000000000001000110000  0000000000000000001001001111000000111110  00  00000000000000000000  00000000000000000000  00000000000000000000  00000000000000000000  000000000000000000000  0000000000000000000  00000000000000000000  0000000000000000000000000000000000000000
0000000000000000000000001010000000  0000000000000000001001001111000000111110  00  00000000000000000000  00000000000000000000  00000000000000000000  00000000000000000000  000000000000000000000  0000000000000000000  00000000000000000000  0000000000000000000000000000000000000000
0000000000000000000000001011010000  0000000000000000001001001111000000111110  00  00000000000000000000  00000000000000000000  00000000000000000000  00000000000000000000  000000000000000000000  0000000000000000000  00000000000000000000  0000000000000000000000000000000000000000
0000000000000000000000001100100000  0000000000000000001001001111000000111110  00  00000000000000000000  00000000000000000000  00000000000000000000  00000000000000000000  000000000000000000000  0000000000000000000  00000000000000000000  0000000000000000000000000000000000000000
0000000000000000000000001101110000  0000000000000000001001001111000000111110  00  00000000000000000000  00000000000000000000  00000000000000000000  00000000000000000000  000000000000000000000  0000000000000000000  00000000000000000000  0000000000000000000000000000000000000000
0000000000000000000000001111000000  0000000000000000001001001111000000111110  00  00000000000000000000  00000000000000000000  00000000000000000000  00000000000000000000  000000000000000000000  0000000000000000000  00000000000000000000  0000000000000000000000000000000000000000
.....(more records here)....                                                                                                                                                                                                                                        
0010011010011111101100100000000000  0001001000110101111010001010011111110001  00  11111111111110001100  11111111100011101001  00000000000100101110  00000000011011100001  000000000001101011011  1111111100101001100  00000000001000011010  0000101101000110010101000010000001001001
0010011010011111101100100001010000  0001001000110101111010001010110010100101  00  00000000000101111011  11111111111000110111  11111111110010100000  00000000000011101001  000000000001000001100  0000000000011010100  00000000001000001011  0000101101000110010101000001111001011010
0010011010011111101100100010100000  0001001000110101111010001011111001101001  00  00000000010011011101  00000000001111010010  11111111100001110010  00000000000011010000  111111111110001011010  0000000000000110011  00000000000101101110  0000101101000110010101000010000001011110
0010011010011111101100100011110000  0001001000110101111010001101101100100010  00  00000000000110000011  11111111101101011001  11111111101100010010  00000000001101100001  000000001111110000001  1111111111010000010  11111111010001110001  0000101101000110010101000010001000000001
0010011010011111101100100101000000  0001001000110101111010001110000111010100  00  00000000011101110100  00000000000000011011  11111111110010100101  11111111111001001011  000000000100011000011  1111111111110111000  11111111101110100111  0000101101000110010101000010001111001000
0010011010011111101100100110010000  0001001000110101111010001101111101011111  00  11111111110000011100  11111111111110011110  00000000000011111111  11111111111111010111  111111111100111010110  0000000010100011011  11111111110110001101  0000101101000110010101000010001000011011
0010011010011111101100100111100000  0001001000110101111010001101000011111000  00  11111111111010110111  00000000001001011000  00000000000000000001  00000000000101000111  000000000011000010111  1111111110000110111  11111111111011101101  0000101101000110010101000010000111111000
0010011010011111101100101000110000  0001001000110101111010001010101101101110  00  00000000001000101111  11111111111100111100  11111111101111010000  11111111111001111110  000000000101100000100  0000000011100010001  11111111110111100001  0000101101000110010101000001110110011101
0010011010011111101100101010000000  0001001000110101111010001101001111110010  00  00000000001110001001  00000000000001000111  11111111111000100101  11111111111101100011  000000000001011100010  0000000000000100001  11111111111011101011  0000101101000110010101000010000111000101
0010011010011111101100101011010000  0001001000110101111010001100110001110000  00  00000000001000011110  11111111111000011110  11111111101001100010  00000000001000100111  000000000011110001001  1111111101101111000  11111111110100010111  0000101101000110010101000010011011100110
0010011010011111101100101100100000  0001001000110101111010001101000011100101  00  11111111101010100000  11111111111011010001  00000000010111010111  11111111111111100000  111111111101101000001  1111111101111100010  00000000000111010000  0000101101000110010101000010010010011100
0010011010011111101100101101110000  0001001000110101111010001010111010000101  00  00000000000111010000  00000000001110010111  11111111111000010011  11111111110100110011  111111111110010111010  0000000000001001000  00000000011100011100  0000101101000110010101000001110100111110
0010011010011111101100101111000000  0001001000110101111010001011100111011001  00  11111111111000011011  11111111111001010010  00000000001110000010  00000000000111011000  111111111000111001101  1111111111110001111  00000000000011010100  0000101101000110010101000010001111101110