64 64 0
107345 107344 1
295410 295408 2
483547 483544 3
671612 671608 4
860037 860032 5
1048894 1048888 6
1237895 1237888 7
1427256 1427248 8
1616689 1616680 9
1806266 1806256 10
1995627 1995616 11
2185060 2185048 12
2374349 2374336 13
2563998 2563984 14
2753575 2753560 15
2753718 2753704 14
2753791 2753776 15
2943512 2943496 16
3133305 3133288 17
3323386 3323368 18
3513467 3513448 19
3703548 3703528 20
3893845 3893824 21
4084142 4084120 22
4274367 4274344 23
4464808 4464784 24
4655105 4655080 25
4845618 4845592 26
5036059 5036032 27
5226428 5226400 28
5416941 5416912 29
5607382 5607352 30
5797895 5797864 31
5988336 5988304 32
6178777 6178744 33
6369290 6369256 34
6559731 6559696 35
6750172 6750136 36
6750243 6750208 35
6750316 6750280 36
6940757 6940720 37
7131198 7131160 38
7321639 7321600 39
7512296 7512256 40
7702737 7702696 41
7893250 7893208 42
7893321 7893280 41
7893394 7893352 42
8083907 8083864 43
8274420 8274376 44
8465005 8464960 45
8655662 8655616 46
8846247 8846200 47
8846318 8846272 46
8846391 8846344 47
9036904 9036856 48
9036975 9036928 47
9037048 9037000 48
9227633 9227584 49
9418290 9418240 50
9609091 9609040 51
9799820 9799768 52
9990477 9990424 53
10181278 10181224 54
10372079 10372024 55
10562808 10562752 56
10753609 10753552 57
10944410 10944352 58
11135211 11135152 59
11325940 11325880 60
11326083 11326024 59
11326156 11326096 60
11516885 11516824 61
11707686 11707624 62
11898559 11898496 63
12089360 12089296 64
12280305 12280240 65
12471034 12470968 66
12661835 12661768 67
12852708 12852640 68
13043581 13043512 69
13234454 13234384 70
13425255 13425184 71
13615984 13615912 72
13806857 13806784 73
13997730 13997656 74
14188531 14188456 75
14379404 14379328 76
14570205 14570128 77
14761078 14761000 78
14951879 14951800 79
15142824 15142744 80
15333697 15333616 81
15524498 15524416 82
15715371 15715288 83
15906388 15906304 84
16097189 16097104 85
16288134 16288048 86
16478935 16478848 87
16669952 16669864 88
16860969 16860880 89
17051770 17051680 90
17242715 17242624 91
17433660 17433568 92
17624605 17624512 93
17815622 17815528 94
18006495 18006400 95
18197512 18197416 96
18388529 18388432 97
18579474 18579376 98
18770419 18770320 99
18961364 18961264 100
19152309 19152208 101
19343398 19343296 102
19534343 19534240 103
19725360 19725256 104
19916233 19916128 105
20107106 20107000 106
20107177 20107072 105
20107322 20107216 106
20298267 20298160 107
20489068 20488960 108
20489139 20489032 107
20489212 20489104 108
20680085 20679976 109
20871030 20870920 110
21061975 21061864 111
21253064 21252952 112
21444009 21443896 113
21635026 21634912 114
21825971 21825856 115
22016916 22016800 116
22207789 22207672 117
22398734 22398616 118
22589679 22589560 119
22589750 22589632 118
22589895 22589776 119
22780840 22780720 120
22971785 22971664 121
23162730 23162608 122
23353891 23353768 123
23544836 23544712 124
23735853 23735728 125
23926798 23926672 126
24117815 24117688 127
24308760 24308632 128
24499921 24499792 129
24690866 24690736 130
24881955 24881824 131
25072828 25072696 132
25263917 25263784 133
25454934 25454800 134
25645951 25645816 135
25836896 25836760 136
26027985 26027848 137
26219002 26218864 138
26409947 26409808 139
26601036 26600896 140
26792053 26791912 141
26983070 26982928 142
27174015 27173872 143
27365104 27364960 144
27556049 27555904 145
27747138 27746992 146
27938083 27937936 147
27938226 27938080 146
27938299 27938152 147
28129172 28129024 148
28320189 28320040 149
28511206 28511056 150
28702223 28702072 151
28893312 28893160 152
29084329 29084176 153
29275346 29275192 154
29466291 29466136 155
29657308 29657152 156
29848397 29848240 157
30039414 30039256 158
30230503 30230344 159
30421520 30421360 160
30612609 30612448 161
30803554 30803392 162
30994643 30994480 163
31185732 31185568 164
31376677 31376512 165
31567766 31567600 166
31758783 31758616 167
31949872 31949704 168
32140889 32140720 169
32331834 32331664 170
32331905 32331736 169
32331978 32331808 170
32522923 32522752 171
32713940 32713768 172
32904957 32904784 173
33095902 33095728 174
33286991 33286816 175
33477864 33477688 176
33477935 33477760 175
33478080 33477904 176
33668881 33668704 177
33669024 33668848 176
33669097 33668920 177
33859970 33859792 178
34051059 34050880 179
34242076 34241896 180
34433093 34432912 181
34624038 34623856 182
34815127 34814944 183
35006144 35005960 184
35197161 35196976 185
35388178 35387992 186
35579195 35579008 187
35770212 35770024 188
35961229 35961040 189
36152318 36152128 190
36343335 36343144 191
36343406 36343216 190
36343479 36343288 191
36534496 36534304 192
36725441 36725248 193
36916458 36916264 194
37107691 37107496 195
37298708 37298512 196
37489725 37489528 197
37680742 37680544 198
37871759 37871560 199
38062920 38062720 200
38253937 38253736 201
38444954 38444752 202
38635971 38635768 203
38826988 38826784 204
39018149 39017944 205
39209094 39208888 206
39400183 39399976 207
39591056 39590848 208
39782073 39781864 209
39973234 39973024 210
40164179 40163968 211
40355268 40355056 212
40546213 40546000 213
40737158 40736944 214
40737301 40737088 213
40737374 40737160 214
40928247 40928032 215
41119408 41119192 216
41310353 41310136 217
41501370 41501152 218
41692387 41692168 219
41883404 41883184 220
42074421 42074200 221
42265438 42265216 222
42456455 42456232 223
42647544 42647320 224
42838633 42838408 225
43029650 43029424 226
43220739 43220512 227
43411684 43411456 228
43602773 43602544 229
43793862 43793632 230
43984879 43984648 231
44175896 44175664 232
44367057 44366824 233
44558002 44557768 234
44749163 44748928 235
44940180 44939944 236
45131341 45131104 237
45322286 45322048 238
45513303 45513064 239
45704392 45704152 240
45895337 45895096 241
46086498 46086256 242
46277515 46277272 243
46468388 46468144 244
46468459 46468216 243
46468604 46468360 244
46659549 46659304 245
46850494 46850248 246
47041583 47041336 247
47232744 47232496 248
47423689 47423440 249
47614706 47614456 250
47805795 47805544 251
47996812 47996560 252
48187829 48187576 253
48378774 48378520 254
48378845 48378592 253
48378918 48378664 254
48569791 48569536 255
48760808 48760552 256
48951969 48951712 257
49142842 49142584 258
49142913 49142656 257
49143058 49142800 258
49333931 49333672 259
49524948 49524688 260
49525091 49524832 259
49525164 49524904 260
49716181 49715920 261
49907198 49906936 262
50098215 50097952 263
50289304 50289040 264
50480393 50480128 265
50671410 50671144 266
50862427 50862160 267
51053516 51053248 268
51244533 51244264 269
51435550 51435280 270
51626711 51626440 271
51817728 51817456 272
52008817 52008544 273
52199834 52199560 274
52390923 52390648 275
52581940 52581664 276
52773029 52772752 277
52773100 52772824 276
52773173 52772896 277
52964046 52963768 278
53155135 53154856 279
53346152 53345872 280
53537169 53536888 281
53728330 53728048 282
53919275 53918992 283
54110292 54110008 284
54301381 54301096 285
54492398 54492112 286
54683487 54683200 287
54874432 54874144 288
55065593 55065304 289
55256538 55256248 290
55447555 55447264 291
55638572 55638280 292
55829661 55829368 293
56020678 56020384 294
56211695 56211400 295
56402784 56402488 296
56593801 56593504 297
56784818 56784520 298
56975763 56975464 299
57166924 57166624 300
57357869 57357568 301
57357940 57357640 300
57358013 57357712 301
57549030 57548728 302
57740119 57739816 303
57931064 57930760 304
58122225 58121920 305
58313242 58312936 306
58504403 58504096 307
58695348 58695040 308
58886509 58886200 309
59077454 59077144 310
59077525 59077216 309
59077598 59077288 310
59268615 59268304 311
59459776 59459464 312
59650721 59650408 313
59841738 59841424 314
60032899 60032584 315
60223844 60223528 316
60414861 60414544 317
60605950 60605632 318
60796895 60796576 319
60796966 60796648 318
60797039 60796720 319
60987912 60987592 320
61179073 61178752 321
61370018 61369696 322
61561107 61560784 323
61752124 61751800 324
61943069 61942744 325
61943212 61942888 324
61943285 61942960 325
62134302 62133976 326
62325175 62324848 327
62516336 62516008 328
62707353 62707024 329
62898298 62897968 330
63089459 63089128 331
63280332 63280000 332
63471493 63471160 333
63662438 63662104 334
63853527 63853192 335
64044544 64044208 336
64235489 64235152 337
64426650 64426312 338
64617739 64617400 339
64808684 64808344 340
64999773 64999432 341
65190790 65190448 342
65381951 65381608 343
65573040 65572696 344
65764057 65763712 345
65955074 65954728 346
66146235 66145888 347
66337252 66336904 348
66528197 66527848 349
66528340 66527992 348
66528413 66528064 349
66719358 66719008 350
66910375 66910024 351
67101392 67101040 352
67292409 67292056 353
67483426 67483072 354
67674515 67674160 355
67865460 67865104 356
68056549 68056192 357
68247566 68247208 358
68438511 68438152 359
68438654 68438296 358
68438727 68438368 359
68629600 68629240 360
68820617 68820256 361
69011706 69011344 362
69202795 69202432 363
69393812 69393448 364
69584685 69584320 365
69584756 69584392 364
69584901 69584536 365
69775846 69775480 366
69966791 69966424 367
70157880 70157512 368
70348897 70348528 369
70539986 70539616 370
70731003 70730632 371
70922092 70921720 372
71113037 71112664 373
71304054 71303680 374
71495071 71494696 375
71686160 71685784 376
71877105 71876728 377
71877248 71876872 376
71877321 71876944 377
72068194 72067816 378
72259283 72258904 379
72450228 72449848 380
72641317 72640936 381
72832262 72831880 382
73023279 73022896 383
73214368 73213984 384
73405457 73405072 385
73596330 73595944 386
73596473 73596088 385
73596546 73596160 386
73787491 73787104 387
73978508 73978120 388
74169597 74169208 389
74360686 74360296 390
74551703 74551312 391
74742792 74742400 392
74933809 74933416 393
75124898 75124504 394
75315987 75315592 395
75507076 75506680 396
75697949 75697552 397
75889038 75888640 398
76080055 76079656 399
76271072 76270672 400
76462089 76461688 401
76653250 76652848 402
76844195 76843792 403
77035212 77034808 404
77226229 77225824 405
77417390 77416984 406
77608335 77607928 407
77799352 77798944 408
77990513 77990104 409
78181458 78181048 410
78372403 78371992 411
78372474 78372064 410
78372619 78372208 411
78563492 78563080 412
78754509 78754096 413
78945670 78945256 414
79136687 79136272 415
79327560 79327144 416
79518649 79518232 417
79709594 79709176 418
79900683 79900264 419
80091556 80091136 420
80091699 80091280 419
80091772 80091352 420
80282717 80282296 421
80473734 80473312 422
80664823 80664400 423
80855912 80855488 424
81046929 81046504 425
81237874 81237448 426
81237945 81237520 425
81238018 81237592 426
81429035 81428608 427
81619980 81619552 428
81620051 81619624 427
81620124 81619696 428
81811213 81810784 429
82002230 82001800 430
82193247 82192816 431
82384264 82383832 432
82575353 82574920 433
82766370 82765936 434
82957315 82956880 435
83148404 83147968 436
83339493 83339056 437
83530366 83529928 438
83530509 83530072 437
83530582 83530144 438
83721455 83721016 439
83912472 83912032 440
84103633 84103192 441
84294578 84294136 442
84485667 84485224 443
84676684 84676240 444
84867629 84867184 445
85058718 85058272 446
85249735 85249288 447
85440824 85440376 448
85631841 85631392 449
85822786 85822336 450
86013875 86013424 451
86204892 86204440 452
86395837 86395384 453
86586854 86586400 454
86777871 86777416 455
86968816 86968360 456
87159905 87159448 457
87350994 87350536 458
87542011 87541552 459
87733028 87732568 460
87924189 87923728 461
88115134 88114672 462
88306223 88305760 463
88497240 88496776 464
88688401 88687936 465
88879346 88878880 466
89070507 89070040 467
89261452 89260984 468
89452541 89452072 469
89643486 89643016 470
89834503 89834032 471
90025592 90025120 472
90216609 90216136 473
90407626 90407152 474
90598571 90598096 475
90789516 90789040 476
90789587 90789112 475
90789732 90789256 476
90980605 90980128 477
91171622 91171144 478
91362639 91362160 479
91553728 91553248 480
91744745 91744264 481
91935690 91935208 482
92126779 92126296 483
92317724 92317240 484
92508885 92508400 485
92699758 92699272 486
92699829 92699344 485
92699902 92699416 486
92890775 92890288 487
93081864 93081376 488
93272737 93272248 489
93272880 93272392 488
93272953 93272464 489
93463754 93463264 490
93654843 93654352 491
93845788 93845296 492
93845859 93845368 491
93845932 93845440 492
94036805 94036312 493
94227822 94227328 494
94227893 94227400 493
94227966 94227472 494
94418839 94418344 495
94418982 94418488 494
94419055 94418560 495
94610000 94609504 496
94801017 94800520 497
94992034 94991536 498
95183195 95182696 499
95374140 95373640 500
95565301 95564800 501
95756246 95755744 502
95947335 95946832 503
96138352 96137848 504
96329297 96328792 505
96520314 96519808 506
96711331 96710824 507
96902348 96901840 508
97093365 97092856 509
97284382 97283872 510
97475471 97474960 511
97666416 97665904 512
97857433 97856920 513
98048450 98047936 514
98239539 98239024 515
98430628 98430112 516
98621573 98621056 517
98812590 98812072 518
99003535 99003016 519
99194624 99194104 520
99385497 99384976 521
99576514 99575992 522
99767603 99767080 523
99958476 99957952 524
100149637 100149112 525
100340582 100340056 526
100531671 100531144 527
100722616 100722088 528
100913777 100913248 529
101104722 101104192 530
101295811 101295280 531
101486756 101486224 532
101486827 101486296 531
101486900 101486368 532
101677845 101677312 533
101868934 101868400 534
102059951 102059416 535
102250968 102250432 536
102441985 102441448 537
102633002 102632464 538
102824019 102823480 539
103014964 103014424 540
103206053 103205512 541
103396998 103396456 542
103397069 103396528 541
103397142 103396600 542
103588015 103587472 543
103779032 103778488 544
103970193 103969648 545
104161138 104160592 546
104352155 104351608 547
104543172 104542624 548
104734117 104733568 549
104925206 104924656 550
105116295 105115744 551
105307168 105306616 552
105498257 105497704 553
105689130 105688576 554
105689273 105688720 553
105689346 105688792 554
105880147 105879592 555
105880218 105879664 554
105880291 105879736 555
106071236 106070680 556
106262253 106261696 557
106453198 106452640 558
106644143 106643584 559
106835160 106834600 560
107026177 107025616 561
107217122 107216560 562
107408283 107407720 563
107599228 107598664 564
107790245 107789680 565
107981262 107980696 566
108172423 108171856 567
108363440 108362872 568
108554313 108553744 569
108745402 108744832 570
108936419 108935848 571
109127436 109126864 572
109318597 109318024 573
109509614 109509040 574
109700631 109700056 575
109891648 109891072 576
110082665 110082088 577
110273610 110273032 578
110464555 110463976 579
110655644 110655064 580
110846589 110846008 581
111037606 111037024 582
111228551 111227968 583
111419712 111419128 584
111610657 111610072 585
111801674 111801088 586
111992691 111992104 587
112183636 112183048 588
112374653 112374064 589
112565598 112565008 590
112756687 112756096 591
112947632 112947040 592
113138721 113138128 593
113329666 113329072 594
113520683 113520088 595
113711700 113711104 596
113902645 113902048 597
114093518 114092920 598
114284463 114283864 599
114475552 114474952 600
114666425 114665824 601
114666496 114665896 600
114666641 114666040 601
114857514 114856912 602
115048531 115047928 603
115239620 115239016 604
115430565 115429960 605
115430636 115430032 604
115430709 115430104 605
115621654 115621048 606
115812671 115812064 607
116003688 116003080 608
116194705 116194096 609
116385794 116385184 610
116576739 116576128 611
116767684 116767072 612
116958773 116958160 613
117149718 117149104 614
117340735 117340120 615
117531608 117530992 616
117531751 117531136 615
117531824 117531208 616
117722625 117722008 617
117913642 117913024 618
118104587 118103968 619
118295748 118295128 620
118486621 118486000 621
118677638 118677016 622
118868583 118867960 623
118868654 118868032 622
118868727 118868104 623
119059672 119059048 624
119250617 119249992 625
119441706 119441080 626
119632723 119632096 627
119823596 119822968 628
120014613 120013984 629
120205558 120204928 630
120396647 120396016 631
120587520 120586888 632
120778465 120777832 633
120969554 120968920 634
121160355 121159720 635
121160498 121159864 634
121160571 121159936 635
121351516 121350880 636
121542461 121541824 637
121733406 121732768 638
121924495 121923856 639
122115440 122114800 640
122306529 122305888 641
122497474 122496832 642
122688563 122687920 643
122879580 122878936 644
123070525 123069880 645
123261614 123260968 646
123452487 123451840 647
123452630 123451984 646
123452703 123452056 647
123643576 123642928 648
123834665 123834016 649
124025754 124025104 650
124216627 124215976 651
124407716 124407064 652
124598589 124597936 653
124789606 124788952 654
124980623 124979968 655
125171568 125170912 656
125362585 125361928 657
125553458 125552800 658
125744547 125743888 659
125935564 125934904 660
126126437 126125776 661
126317598 126316936 662
126508471 126507808 663
126699416 126698752 664
126890433 126889768 665
126890504 126889840 664
126890577 126889912 665
127081450 127080784 666
127272395 127271728 667
127463484 127462816 668
127654357 127653688 669
127845302 127844632 670
128036391 128035720 671
128227264 128226592 672
128418209 128417536 673
128609298 128608624 674
128800315 128799640 675
128991332 128990656 676
129182277 129181600 677
129373222 129372544 678
129564239 129563560 679
129755256 129754576 680
129946345 129945664 681
130137290 130136608 682
130328235 130327552 683
130328306 130327624 682
130328379 130327696 683
130519324 130518640 684
130710413 130709728 685
130901286 130900600 686
130901357 130900672 685
130901430 130900744 686
131092303 131091616 687
131283320 131282632 688
131474409 131473720 689
131665354 131664664 690
131856371 131855680 691
132047316 132046624 692
132238261 132237568 693
132429134 132428440 694
132620223 132619528 695
132811240 132810544 696
133002257 133001560 697
133193202 133192504 698
133384219 133383520 699
133575164 133574464 700
133766109 133765408 701
133957198 133956496 702
134148143 134147440 703
134339016 134338312 704
134339087 134338384 703
134339160 134338456 704
134529961 134529256 705
134721122 134720416 706
134911923 134911216 707
135102940 135102232 708
135293885 135293176 709
135484902 135484192 710
135675991 135675280 711
135866792 135866080 712
135866863 135866152 711
135867008 135866296 712
136057809 136057096 713
136248826 136248112 714
136439843 136439128 715
136630932 136630216 716
136821949 136821232 717
137012966 137012248 718
137203911 137203192 719
137395000 137394280 720
137585873 137585152 721
137776962 137776240 722
137967979 137967256 723
138159068 138158344 724
138349941 138349216 725
138541030 138540304 726
138732047 138731320 727
138922920 138922192 728
138923063 138922336 727
138923136 138922408 728
139113937 139113208 729
139304954 139304224 730
139495971 139495240 731
139686916 139686184 732
139877861 139877128 733
140068950 140068216 734
140259823 140259088 735
140259894 140259160 734
140259967 140259232 735
140450768 140450032 736
140450839 140450104 735
140450912 140450176 736
140641929 140641192 737
140832802 140832064 738
141023891 141023152 739
141214764 141214024 740
141405781 141405040 741
141596726 141595984 742
141787599 141786856 743
141978688 141977944 744
142169633 142168888 745
142360506 142359760 746
142551523 142550776 747
142742540 142741792 748
142933413 142932664 749
143124502 143123752 750
143315519 143314768 751
143506392 143505640 752
143697409 143696656 753
143888354 143887600 754
143888497 143887744 753
143888570 143887816 754
144079443 144078688 755
144270388 144269632 756
144461405 144460648 757
144652422 144651664 758
144843439 144842680 759
145034384 145033624 760
145225545 145224784 761
145416562 145415800 762
145607507 145606744 763
145798524 145797760 764
145989469 145988704 765
146180414 146179648 766
146371359 146370592 767
146562304 146561536 768
146753249 146752480 769
146944266 146943496 770
147135283 147134512 771
147326300 147325528 772
147517245 147516472 773
147708190 147707416 774
147899135 147898360 775
148090152 148089376 776
148281169 148280392 777
148472186 148471408 778
148663059 148662280 779
148854076 148853296 780
149045021 149044240 781
149235894 149235112 782
149426911 149426128 783
149617856 149617072 784
149808729 149807944 785
149999746 149998960 786
150190763 150189976 787
150381708 150380920 788
150572653 150571864 789
150763598 150762808 790
150954543 150953752 791
150954686 150953896 790
150954759 150953968 791
151145632 151144840 792
151336649 151335856 793
151527666 151526872 794
151718539 151717744 795
151909628 151908832 796
152100645 152099848 797
152291662 152290864 798
152482679 152481880 799
152673696 152672896 800
152864641 152863840 801
153055514 153054712 802
153246459 153245656 803
153437404 153436600 804
153628493 153627688 805
153819438 153818632 806
154010311 154009504 807
154201256 154200448 808
154201327 154200520 807
154201400 154200592 808
154392273 154391464 809
154583218 154582408 810
154774163 154773352 811
154965252 154964440 812
155156269 155155456 813
155347142 155346328 814
155538159 155537344 815
155729104 155728288 816
155920049 155919232 817
156111066 156110248 818
156301867 156301048 819
156301938 156301120 818
156302011 156301192 819
156492956 156492136 820
156683829 156683008 821
156874774 156873952 822
157065791 157064968 823
157256592 157255768 824
157447537 157446712 825
157638626 157637800 826
157829499 157828672 827
158020516 158019688 828
158211605 158210776 829
158402478 158401648 830
158402549 158401720 829
158402622 158401792 830
158593495 158592664 831
158784440 158783608 832
158975529 158974696 833
159166546 159165712 834
159357419 159356584 835
159548436 159547600 836
159739381 159738544 837
159930398 159929560 838
160121343 160120504 839
160312216 160311376 840
160503305 160502464 841
160694178 160693336 842
160885267 160884424 843
161076068 161075224 844
161076139 161075296 843
161076212 161075368 844
161267013 161266168 845
161458174 161457328 846
161649047 161648200 847
161840064 161839216 848
162031081 162030232 849
162221954 162221104 850
162412971 162412120 851
162603916 162603064 852
162794861 162794008 853
162985806 162984952 854
163176751 163175896 855
163367768 163366912 856
163558569 163557712 857
163558640 163557784 856
163558713 163557856 857
163749658 163748800 858
163940531 163939672 859
164131476 164130616 860
164322421 164321560 861
164513294 164512432 862
164704311 164703448 863
164895256 164894392 864
165086273 165085408 865
165277218 165276352 866
165468307 165467440 867
165659180 165658312 868
165850125 165849256 869
166041142 166040272 870
166232159 166231288 871
166423176 166422304 872
166614193 166613320 873
166805210 166804336 874
166996155 166995280 875
167186956 167186080 876
167377973 167377096 877
167568918 167568040 878
167759791 167758912 879
167759862 167758984 878
167759935 167759056 879
167950808 167949928 880
168141825 168140944 881
168332698 168331816 882
168523643 168522760 883
168714732 168713848 884
168905605 168904720 885
169096694 169095808 886
169287639 169286752 887
169478512 169477624 888
169669529 169668640 889
169860402 169859512 890
170051419 170050528 891
170242364 170241472 892
170433309 170432416 893
170624254 170623360 894
170815199 170814304 895
171006144 171005248 896
171197017 171196120 897
171388034 171387136 898
171578979 171578080 899
171769924 171769024 900
171960941 171960040 901
172151814 172150912 902
172342831 172341928 903
172533848 172532944 904
172724865 172723960 905
172915738 172914832 906
173106827 173105920 907
173297700 173296792 908
173488717 173487808 909
173679734 173678824 910
173870751 173869840 911
174061768 174060856 912
174252713 174251800 913
174443514 174442600 914
174443585 174442672 913
174443730 174442816 914
174634459 174633544 915
174634530 174633616 914
174634675 174633760 915
174825548 174824632 916
175016493 175015576 917
175207366 175206448 918
175398383 175397464 919
175589328 175588408 920
175780273 175779352 921
175971218 175970296 922
176162235 176161312 923
176353180 176352256 924
176544125 176543200 925
176735142 176734216 926
176926087 176925160 927
177116960 177116032 928
177308049 177307120 929
177498922 177497992 930
177689867 177688936 931
177880884 177879952 932
178071829 178070896 933
178262774 178261840 934
178453719 178452784 935
178644592 178643656 936
178835537 178834600 937
179026482 179025544 938
179217283 179216344 939
179217426 179216488 938
179217499 179216560 939
179408300 179407360 940
179599245 179598304 941
179790334 179789392 942
179981279 179980336 943
180172224 180171280 944
180363097 180362152 945
180554114 180553168 946
180745059 180744112 947
180936148 180935200 948
181127093 181126144 949
181318110 181317160 950
181509055 181508104 951
181700072 181699120 952
181890873 181889920 953
182081890 182080936 954
182272835 182271880 955
182463708 182462752 956
182654797 182653840 957
182845670 182844712 958
183036687 183035728 959
183227632 183226672 960
183418577 183417616 961
183609594 183608632 962
183800539 183799576 963
183991484 183990520 964
184182429 184181464 965
184373374 184372408 966
184564391 184563424 967
184755264 184754296 968
184946209 184945240 969
185137082 185136112 970
185328099 185327128 971
185519044 185518072 972
185709917 185708944 973
185900862 185899888 974
186091807 186090832 975
186282680 186281704 976
186473625 186472648 977
186664570 186663592 978
186855515 186854536 979
187046532 187045552 980
187237477 187236496 981
187428422 187427440 982
187619439 187618456 983
187810312 187809328 984
187810383 187809400 983
187810456 187809472 984
188001257 188000272 985
188001328 188000344 984
188001401 188000416 985
188192418 188191432 986
188383291 188382304 987
188574236 188573248 988
188765181 188764192 989
188956054 188955064 990
189147071 189146080 991
189337944 189336952 992
189528961 189527968 993
189719906 189718912 994
189910851 189909856 995
190101724 190100728 996
190292741 190291744 997
190483758 190482760 998
190674631 190673632 999
190865504 190864504 1000
191056521 191055520 1001
191247394 191246392 1002
191438483 191437480 1003
191629356 191628352 1004
191820373 191819368 1005
192011246 192010240 1006
192202191 192201184 1007
192393064 192392056 1008
192584081 192583072 1009
192774882 192773872 1010
192774953 192773944 1009
192775026 192774016 1010
192965899 192964888 1011
193156700 193155688 1012
193347645 193346632 1013
193538734 193537720 1014
193729607 193728592 1015
193920624 193919608 1016
194111569 194110552 1017
194302442 194301424 1018
194302585 194301568 1017
194302658 194301640 1018
194493531 194492512 1019
194684404 194683384 1020
194875349 194874328 1021
195066510 195065488 1022
195257383 195256360 1023
195448328 195447304 1024
195639201 195638176 1025
195639344 195638320 1024
195639417 195638392 1025
195830290 195829264 1026
196021163 196020136 1027
196212108 196211080 1028
196402981 196401952 1029
196403052 196402024 1028
196403125 196402096 1029
196593926 196592896 1030
196784871 196783840 1031
196975960 196974928 1032
197166833 197165800 1033
197357706 197356672 1034
197357777 197356744 1033
197357850 197356816 1034
197548651 197547616 1035
197739596 197738560 1036
197930613 197929576 1037
198121630 198120592 1038
198312575 198311536 1039
198503520 198502480 1040
198694249 198693208 1041
198694320 198693280 1040
198694465 198693424 1041
198885194 198884152 1042
198885337 198884296 1041
198885410 198884368 1042
199076283 199075240 1043
199267156 199266112 1044
199458101 199457056 1045
199648974 199647928 1046
199839919 199838872 1047
200030864 200029816 1048
200221737 200220688 1049
200412754 200411704 1050
200603699 200602648 1051
200794716 200793664 1052
200985661 200984608 1053
201176606 201175552 1054
201367551 201366496 1055
201558496 201557440 1056
201749441 201748384 1057
201940386 201939328 1058
202131475 202130416 1059
202322348 202321288 1060
202513437 202512376 1061
202704310 202703248 1062
202895327 202894264 1063
203086200 203085136 1064
203086271 203085208 1063
203086344 203085280 1064
203277145 203276080 1065
203468162 203467096 1066
203659107 203658040 1067
203850052 203848984 1068
204040925 204039856 1069
204231798 204230728 1070
204422815 204421744 1071
204613760 204612688 1072
204804705 204803632 1073
204995722 204994648 1074
205186523 205185448 1075
205377468 205376392 1076
205568485 205567408 1077
205759502 205758424 1078
205950375 205949296 1079
206141320 206140240 1080
206332193 206331112 1081
206523282 206522200 1082
206714083 206713000 1083
206905028 206903944 1084
207095973 207094888 1085
207286918 207285832 1086
207477863 207476776 1087
207668736 207667648 1088
207859681 207858592 1089
208050626 208049536 1090
208241499 208240408 1091
208432444 208431352 1092
208623389 208622296 1093
208814334 208813240 1094
209005351 209004256 1095
209196296 209195200 1096
209387241 209386144 1097
209578258 209577160 1098
209769131 209768032 1099
209960148 209959048 1100
210150949 210149848 1101
210341966 210340864 1102
210532911 210531808 1103
210723856 210722752 1104
210914801 210913696 1105
211105674 211104568 1106
211296547 211295440 1107
211487492 211486384 1108
211678437 211677328 1109
211869382 211868272 1110
212060327 212059216 1111
212251344 212250232 1112
212442217 212441104 1113
212633162 212632048 1114
212824035 212822920 1115
213015052 213013936 1116
213205925 213204808 1117
213396798 213395680 1118
213587815 213586696 1119
213778616 213777496 1120
213778687 213777568 1119
213778760 213777640 1120
213969705 213968584 1121
214160506 214159384 1122
214351451 214350328 1123
214542324 214541200 1124
214733269 214732144 1125
214924286 214923160 1126
215115159 215114032 1127
215306104 215304976 1128
215496977 215495848 1129
215687994 215686864 1130
215878939 215877808 1131
216069812 216068680 1132
216260757 216259624 1133
216451846 216450712 1134
216642791 216641656 1135
216833664 216832528 1136
217024753 217023616 1137
217215626 217214488 1138
217406427 217405288 1139
217406498 217405360 1138
217406643 217405504 1139
217597444 217596304 1140
217788461 217787320 1141
217979262 217978120 1142
218170207 218169064 1143
218361152 218360008 1144
218552025 218550880 1145
218552096 218550952 1144
218552169 218551024 1145
218743042 218741896 1146
218934059 218932912 1147
219124860 219123712 1148
219124931 219123784 1147
219125004 219123856 1148
219315877 219314728 1149
219506750 219505600 1150
219697695 219696544 1151
219888712 219887560 1152
220079585 220078432 1153
220270458 220269304 1154
220461475 220460320 1155
220652348 220651192 1156
220843221 220842064 1157
221034238 221033080 1158
221225183 221224024 1159
221416056 221414896 1160
221607001 221605840 1161
221797730 221796568 1162
221797873 221796712 1161
221797946 221796784 1162
221988819 221987656 1163
222179620 222178456 1164
222179691 222178528 1163
222179836 222178672 1164
222370637 222369472 1165
222561582 222560416 1166
222752599 222751432 1167
222943544 222942376 1168
223134489 223133320 1169
223325434 223324264 1170
223516379 223515208 1171
223707324 223706152 1172
223898269 223897096 1173
224089358 224088184 1174
224280231 224279056 1175
224471176 224470000 1176
224662193 224661016 1177
224852994 224851816 1178
225044011 225042832 1179
225234812 225233632 1180
225234883 225233704 1179
225234956 225233776 1180
225425757 225424576 1181
225425828 225424648 1180
225425901 225424720 1181
225616774 225615592 1182
225807647 225806464 1183
225998520 225997336 1184
226189537 226188352 1185
226380410 226379224 1186
226571283 226570096 1187
226571426 226570240 1186
226571499 226570312 1187
226762300 226761112 1188
226953245 226952056 1189
227144262 227143072 1190
227335063 227333872 1191
227526008 227524816 1192
227717025 227715832 1193
227907898 227906704 1194
228098843 228097648 1195
228289716 228288520 1196
228480733 228479536 1197
228671606 228670408 1198
228862479 228861280 1199
229053280 229052080 1200
229244225 229243024 1201
229435242 229434040 1202
229626115 229624912 1203
229817132 229815928 1204
230008077 230006872 1205
230198950 230197744 1206
230389895 230388688 1207
230580984 230579776 1208
230771785 230770576 1209
230962802 230961592 1210
231153747 231152536 1211
231344692 231343480 1212
231535565 231534352 1213
231726510 231725296 1214
231917383 231916168 1215
232108472 232107256 1216
232299345 232298128 1217
232490290 232489072 1218
232681091 232679872 1219
232872036 232870816 1220
233062981 233061760 1221
233063052 233061832 1220
233063125 233061904 1221
233253998 233252776 1222
233444799 233443576 1223
233635744 233634520 1224
233826833 233825608 1225
234017706 234016480 1226
234208651 234207424 1227
234399596 234398368 1228
234590541 234589312 1229
234781414 234780184 1230
234972287 234971056 1231
235163088 235161856 1232
235354033 235352800 1233
235545050 235543816 1234
235735851 235734616 1235
235926724 235925488 1236
236117597 236116360 1237
236308686 236307448 1238
236499487 236498248 1239
236690504 236689264 1240
236881449 236880208 1241
237072322 237071080 1242
237263339 237262096 1243
237454356 237453112 1244
237645229 237643984 1245
237836102 237834856 1246
238027119 238025872 1247
238218136 238216888 1248
238409009 238407760 1249
238599954 238598704 1250
238790971 238789720 1251
238981772 238980520 1252
239172789 239171536 1253
239363734 239362480 1254
239554607 239553352 1255
239745480 239744224 1256
239936353 239935096 1257
240127370 240126112 1258
240318171 240316912 1259
240509116 240507856 1260
240699989 240698728 1261
240700060 240698800 1260
240700205 240698944 1261
240891006 240889744 1262
241081951 241080688 1263
241272896 241271632 1264
241463697 241462432 1265
241463840 241462576 1264
241463913 241462648 1265
241654786 241653520 1266
241845659 241844392 1267
242036532 242035264 1268
242227477 242226208 1269
242418422 242417152 1270
242609367 242608096 1271
242800240 242798968 1272
242991185 242989912 1273
243182058 243180784 1274
243372859 243371584 1275
243563804 243562528 1276
243754749 243753472 1277
243945622 243944344 1278
244136639 244135360 1279
244327512 244326232 1280
244518457 244517176 1281
244709330 244708048 1282
244900347 244899064 1283
245091364 245090080 1284
245282237 245280952 1285
245473182 245471896 1286
245664127 245662840 1287
245855000 245853712 1288
245855071 245853784 1287
245855144 245853856 1288
246046017 246044728 1289
246236890 246235600 1290
246427691 246426400 1291
246427762 246426472 1290
246427907 246426616 1291
246618708 246617416 1292
246809653 246808360 1293
247000526 246999232 1294
247191471 247190176 1295
247382272 247380976 1296
247382343 247381048 1295
247382416 247381120 1296
247573217 247571920 1297
247764162 247762864 1298
247955179 247953880 1299
248146052 248144752 1300
248336925 248335624 1301
248527942 248526640 1302
248718887 248717584 1303
248909760 248908456 1304
249100633 249099328 1305
249291578 249290272 1306
249482379 249481072 1307
249673252 249671944 1308
249673323 249672016 1307
249673468 249672160 1308
249864269 249862960 1309
250055142 250053832 1310
250246015 250244704 1311
250436816 250435504 1312
250436959 250435648 1311
250437032 250435720 1312
250627761 250626448 1313
250818706 250817392 1314
250818777 250817464 1313
250818850 250817536 1314
251009723 251008408 1315
251200596 251199280 1316
251391469 251390152 1317
251582486 251581168 1318
251773503 251772184 1319
251964376 251963056 1320
252155393 252154072 1321
252346338 252345016 1322
252537283 252535960 1323
252728228 252726904 1324
252919101 252917776 1325
253109974 253108648 1326
253301063 253299736 1327
253491864 253490536 1328
253682737 253681408 1329
253873682 253872352 1330
254064627 254063296 1331
254255500 254254168 1332
254446373 254445040 1333
254637390 254636056 1334
254828191 254826856 1335
255019064 255017728 1336
255019135 255017800 1335
255019208 255017872 1336
255210081 255208744 1337
255401026 255399688 1338
255591971 255590632 1339
255782772 255781432 1340
255973717 255972376 1341
256164734 256163392 1342
256355607 256354264 1343
256546552 256545208 1344
256737353 256736008 1345
256737424 256736080 1344
256737497 256736152 1345
256928370 256927024 1346
257119171 257117824 1347
257310044 257308696 1348
257500917 257499568 1349
257501060 257499712 1348
257501133 257499784 1349
257691862 257690512 1350
257882807 257881456 1351
258073608 258072256 1352
258264553 258263200 1353
258455426 258454072 1354
258646299 258644944 1355
258837316 258835960 1356
259028117 259026760 1357
259219062 259217704 1358
259219133 259217776 1357
259219206 259217848 1358
259410007 259408648 1359
259410078 259408720 1358
259410151 259408792 1359
259600952 259599592 1360
259791897 259790536 1361
259982914 259981552 1362
260173715 260172352 1363
260364732 260363368 1364
260555677 260554312 1365
260746622 260745256 1366
260937495 260936128 1367
261128368 261127000 1368
261319241 261317872 1369
261510258 261508888 1370
261701059 261699688 1371
261892004 261890632 1372
262082877 262081504 1373
262273750 262272376 1374
262464767 262463392 1375
262655712 262654336 1376
262846585 262845208 1377
263037386 263036008 1378
263228331 263226952 1379
263419348 263417968 1380
263610221 263608840 1381
263801094 263799712 1382
263992111 263990728 1383
264182984 264181600 1384
264373857 264372472 1385
264564802 264563416 1386
264755747 264754360 1387
264946548 264945160 1388
265137493 265136104 1389
265328366 265326976 1390
265519167 265517776 1391
265519310 265517920 1390
265519383 265517992 1391
265710112 265708720 1392
265900913 265899520 1393
266091930 266090536 1394
266282875 266281480 1395
266473748 266472352 1396
266664621 266663224 1397
266855638 266854240 1398
267046583 267045184 1399
267237384 267235984 1400
267237455 267236056 1399
267237528 267236128 1400
267428473 267427072 1401
267619346 267617944 1402
267810363 267808960 1403
268001164 267999760 1404
268192109 268190704 1405
268383054 268381648 1406
268573927 268572520 1407
268764872 268763464 1408
268955745 268954336 1409
269146546 269145136 1410
269146617 269145208 1409
269146762 269145352 1410
269337563 269336152 1411
269528508 269527096 1412
269719381 269717968 1413
269910254 269908840 1414
270101271 270099856 1415
270292000 270290584 1416
270292071 270290656 1415
270292216 270290800 1416
270483089 270481672 1417
270673962 270672544 1418
270864907 270863488 1419
271055780 271054360 1420
271246653 271245232 1421
271437670 271436248 1422
271628543 271627120 1423
271819416 271817992 1424
272010361 272008936 1425
272201234 272199808 1426
272392107 272390680 1427
272583052 272581624 1428
272773925 272772496 1429
272964726 272963296 1430
273155671 273154240 1431
273346544 273345112 1432
273537417 273535984 1433
273728506 273727072 1434
273919307 273917872 1435
273919378 273917944 1434
273919451 273918016 1435
274110252 274108816 1436
274301269 274299832 1437
274492214 274490776 1438
274683087 274681648 1439
274873960 274872520 1440
275064977 275063536 1441
275255778 275254336 1442
275446795 275445352 1443
275637740 275636296 1444
275828469 275827024 1445
275828540 275827096 1444
275828613 275827168 1445
276019342 276017896 1446
276019485 276018040 1445
276019558 276018112 1446
276210359 276208912 1447
276401232 276399784 1448
276592177 276590728 1449
276783050 276781600 1450
276973923 276972472 1451
277164940 277163488 1452
277355885 277354432 1453
277546758 277545304 1454
277737559 277736104 1455
277928432 277926976 1456
277928503 277927048 1455
277928576 277927120 1456
278119377 278117920 1457
278310394 278308936 1458
278501195 278499736 1459
278692068 278690608 1460
278883013 278881552 1461
279073958 279072496 1462
279264759 279263296 1463
279264830 279263368 1462
279264903 279263440 1463
279455560 279454096 1464
279455631 279454168 1463
279455776 279454312 1464
279646577 279645112 1465
279837450 279835984 1466
280028323 280026856 1467
280219340 280217872 1468
280410141 280408672 1469
280601158 280599688 1470
280792031 280790560 1471
280982976 280981504 1472
281173849 281172376 1473
281364794 281363320 1474
281555667 281554192 1475
281746687 281745208 1479
281746756 281745280 1476
281937557 281936080 1477
282128574 282127096 1478
282319375 282317896 1479
282510320 282508840 1480
282701265 282699784 1481
282891994 282890512 1482
282892065 282890584 1481
282892138 282890656 1482
283083011 283081528 1483
283273884 283272400 1484
283464829 283463344 1485
283655558 283654072 1486
283655629 283654144 1485
283655774 283654288 1486
283846647 283845160 1487
284037448 284035960 1488
284228393 284226904 1489
284419266 284417776 1490
284610211 284608720 1491
284801156 284799664 1492
284991957 284990464 1493
285182902 285181408 1494
285373847 285372352 1495
285564648 285563152 1496
285755593 285754096 1497
285946466 285944968 1498
286137411 286135912 1499
286328356 286326856 1500
286519229 286517728 1501
286710030 286708528 1502
286900903 286899400 1503
287091704 287090200 1504
287282721 287281216 1505
287473594 287472088 1506
287664467 287662960 1507
287855412 287853904 1508
288046213 288044704 1509
288046284 288044776 1508
288046357 288044848 1509
288237158 288235648 1510
288428031 288426520 1511
288618976 288617464 1512
288809921 288808408 1513
289000794 288999280 1514
289191883 289190368 1515
289382684 289381168 1516
289573557 289572040 1517
289764502 289762984 1518
289955447 289953928 1519
290146176 290144656 1520
290337049 290335528 1521
290337120 290335600 1520
290337193 290335672 1521
290528066 290526544 1522
290718867 290717344 1523
290909812 290908288 1524
291100685 291099160 1525
291291558 291290032 1526
291482503 291480976 1527
291673376 291671848 1528
291864249 291862720 1529
292055194 292053664 1530
292246067 292244536 1531
292437012 292435480 1532
292628029 292626496 1533
292818758 292817224 1534
293009703 293008168 1535
293200648 293199112 1536
293391449 293389912 1537
293391520 293389984 1536
293391593 293390056 1537
293582466 293580928 1538
293773195 293771656 1539
293964068 293962528 1540
294154941 294153400 1541
294345814 294344272 1542
294536687 294535144 1543
294727560 294726016 1544
294918505 294916960 1545
295109450 295107904 1546
295300323 295298776 1547
295491268 295489720 1548
295682285 295680736 1549
295873158 295871608 1550
296064031 296062480 1551
296254976 296253424 1552
296445921 296444368 1553
296636866 296635312 1554
296827595 296826040 1555
297018540 297016984 1556
297209413 297207856 1557
297209484 297207928 1556
297209557 297208000 1557
297400358 297398800 1558
297591231 297589672 1559
297782176 297780616 1560
297973049 297971488 1561
298163922 298162360 1562
298354795 298353232 1563
298545740 298544176 1564
298736541 298734976 1565
298736612 298735048 1564
298736685 298735120 1565
298927558 298925992 1566
299118359 299116792 1567
299309304 299307736 1568
299500105 299498536 1569
299690978 299689408 1570
299691121 299689552 1569
299691194 299689624 1570
299881995 299880424 1571
300072796 300071224 1572
300072867 300071296 1571
300072940 300071368 1572
300263741 300262168 1573
300454686 300453112 1574
300645559 300643984 1575
300836360 300834784 1576
301027233 301025656 1577
301218034 301216456 1578
301408979 301407400 1579
301599852 301598272 1580
301790725 301789144 1581
301981670 301980088 1582
302172687 302171104 1583
302363488 302361904 1584
302554433 302552848 1585
302745234 302743648 1586
302745377 302743792 1585
302745450 302743864 1586
302936323 302934736 1587
303127124 303125536 1588
303318141 303316552 1589
303509086 303507496 1590
303699959 303698368 1591
303890688 303889096 1592
303890831 303889240 1591
303890904 303889312 1592
304081633 304080040 1593
304081704 304080112 1592
304081777 304080184 1593
304272578 304270984 1594
304463451 304461856 1595
304654396 304652800 1596
304845125 304843528 1597
305036070 305034472 1598
305227087 305225488 1599
305417888 305416288 1600
305608833 305607232 1601
305799706 305798104 1602
305990507 305988904 1603
306181452 306179848 1604
306372325 306370720 1605
306563342 306561736 1606
306754143 306752536 1607
306945016 306943408 1608
307135961 307134352 1609
307326690 307325080 1610
307326761 307325152 1609
307326906 307325296 1610
307517563 307515952 1611
307517634 307516024 1610
307517779 307516168 1611
307708580 307706968 1612
307899309 307897696 1613
307899380 307897768 1612
307899525 307897912 1613
308090182 308088568 1614
308090253 308088640 1613
308090398 308088784 1614
308281199 308279584 1615
308472072 308470456 1616
308662945 308661328 1617
308853746 308852128 1618
309044763 309043144 1619
309235564 309233944 1620
309426509 309424888 1621
309617382 309615760 1622
309808399 309806776 1623
309999344 309997720 1624
310190217 310188592 1625
310381090 310379464 1626
310572035 310570408 1627
310762908 310761280 1628
310953853 310952224 1629
311144582 311142952 1630
311335527 311333896 1631
311526400 311524768 1632
311717201 311715568 1633
311908218 311906584 1634
312099019 312097384 1635
312289892 312288256 1636
312480765 312479128 1637
312671710 312670072 1638
312862655 312861016 1639
313053528 313051888 1640
313244473 313242832 1641
313435202 313433560 1642
313626219 313624576 1643
313817092 313815448 1644
314007893 314006248 1645
314198838 314197192 1646
314389711 314388064 1647
314580584 314578936 1648
314771385 314769736 1649
314962330 314960680 1650
315153203 315151552 1651
315343932 315342280 1652
315534877 315533224 1653
315725678 315724024 1654
315916695 315915040 1655
316107424 316105768 1656
316107495 316105840 1655
316107568 316105912 1656
316298369 316296712 1657
316489314 316487656 1658
316680187 316678528 1659
316871060 316869400 1660
316871131 316869472 1659
316871204 316869544 1660
317062005 317060344 1661
317252878 317251216 1662
317443895 317442232 1663
317634768 317633104 1664
317825569 317823904 1665
317825640 317823976 1664
317825713 317824048 1665
318016514 318014848 1666
318207459 318205792 1667
318398260 318396592 1668
318589133 318587464 1669
318780078 318778408 1670
318970951 318969280 1671
319161752 319160080 1672
319352697 319351024 1673
319543642 319541968 1674
319734371 319732696 1675
319734442 319732768 1674
319734515 319732840 1675
319925388 319923712 1676
320116117 320114440 1677
320307062 320305384 1678
320307133 320305456 1677
320307206 320305528 1678
320498007 320496328 1679
320688808 320687128 1680
320688879 320687200 1679
320688952 320687272 1680
320879753 320878072 1681
321070554 321068872 1682
321261427 321259744 1683
321261498 321259816 1682
321261643 321259960 1683
321452372 321450688 1684
321643173 321641488 1685
321643244 321641560 1684
321643389 321641704 1685
321834190 321832504 1686
322025063 322023376 1687
322215936 322214248 1688
322406737 322405048 1689
322597610 322595920 1690
322788483 322786792 1691
322979212 322977520 1692
323170157 323168464 1693
323361102 323359408 1694
323552047 323550352 1695
323742920 323741224 1696
323933793 323932096 1697
324124738 324123040 1698
324315683 324313984 1699
324506556 324504856 1700
324697429 324695728 1701
324888374 324886672 1702
325079247 325077544 1703
325270192 325268488 1704
325460993 325459288 1705
325651866 325650160 1706
325842595 325840888 1707
325842666 325840960 1706
325842811 325841104 1707
326033468 326031760 1708
326033539 326031832 1707
326033684 326031976 1708
326224557 326222848 1709
326415358 326413648 1710
326606303 326604592 1711
326797032 326795320 1712
326987905 326986192 1713
327178922 327177208 1714
327369723 327368008 1715
327560596 327558880 1716
327751541 327749824 1717
327942414 327940696 1718
328133287 328131568 1719
328324232 328322512 1720
328515105 328513384 1721
328705906 328704184 1722
328896779 328895056 1723
329087652 329085928 1724
329278381 329276656 1725
329469326 329467600 1726
329660127 329658400 1727
329850928 329849200 1728
330041873 330040144 1729
330232818 330231088 1730
330423691 330421960 1731
330614636 330612904 1732
330805509 330803776 1733
330996310 330994576 1734
331187183 331185448 1735
331378056 331376320 1736
331378199 331376464 1735
331378272 331376536 1736
331569145 331567408 1737
331759946 331758208 1738
331950819 331949080 1739
332141620 332139880 1740
332332637 332330896 1741
332523366 332521624 1742
332714311 332712568 1743
332905184 332903440 1744
333095985 333094240 1745
333286786 333285040 1746
333477731 333475984 1747
333668604 333666856 1748
333859405 333857656 1749
334050350 334048600 1750
334241223 334239472 1751
334432096 334430344 1752
334622897 334621144 1753
334813914 334812160 1754
335004643 335002888 1755
335195516 335193760 1756
335386389 335384632 1757
335577262 335575504 1758
335768207 335766448 1759
335958864 335957104 1760
335959007 335957248 1759
335959080 335957320 1760
336149881 336148120 1761
336340610 336338848 1762
336531483 336529720 1763
336722356 336720592 1764
336913301 336911536 1765
337104102 337102336 1766
337295047 337293280 1767
337485848 337484080 1768
337676793 337675024 1769
337867738 337865968 1770
338058539 338056768 1771
338058610 338056840 1770
338058683 338056912 1771
338249484 338247712 1772
338440357 338438584 1773
338631230 338629456 1774
338822175 338820400 1775
339013192 339011416 1776
339204065 339202288 1777
339394866 339393088 1778
339585739 339583960 1779
339776540 339774760 1780
339967413 339965632 1781
340158358 340156576 1782
340349159 340347376 1783
340540032 340538248 1784
340730833 340729048 1785
340921706 340919920 1786
341112579 341110792 1787
341303524 341301736 1788
341494253 341492464 1789
341494324 341492536 1788
341494397 341492608 1789
341685270 341683480 1790
341876071 341874280 1791
342066944 342065152 1792
342257889 342256096 1793
342448690 342446896 1794
342639491 342637696 1795
342830292 342828496 1796
342830363 342828568 1795
342830508 342828712 1796
343021309 343019512 1797
343212038 343210240 1798
343402911 343401112 1799
343593856 343592056 1800
343784585 343782784 1801
343975386 343973584 1802
344166331 344164528 1803
344357276 344355472 1804
344548149 344546344 1805
344738950 344737144 1806
344929895 344928088 1807
345120768 345118960 1808
345311713 345309904 1809
345502514 345500704 1810
345693459 345691648 1811
345884260 345882448 1812
345884331 345882520 1811
345884404 345882592 1812
346075133 346073320 1813
346075204 346073392 1812
346075277 346073464 1813
346266150 346264336 1814
346457023 346455208 1815
346647896 346646080 1816
346838697 346836880 1817
347029498 347027680 1818
347029569 347027752 1817
347029642 347027824 1818
347220443 347218624 1819
347411316 347409496 1820
347602045 347600224 1821
347602188 347600368 1820
347602261 347600440 1821
347793062 347791240 1822
347983863 347982040 1823
348174808 348172984 1824
348365681 348363856 1825
348556482 348554656 1826
348747355 348745528 1827
348938228 348936400 1828
349129173 349127344 1829
349319974 349318144 1830
349510847 349509016 1831
349701720 349699888 1832
349892521 349890688 1833
350083466 350081632 1834
350274195 350272360 1835
350464996 350463160 1836
350655941 350654104 1837
350846814 350844976 1838
351037615 351035776 1839
351228344 351226504 1840
351419217 351417376 1841
351610090 351608248 1842
351610161 351608320 1841
351610234 351608392 1842
351801107 351799264 1843
351991836 351989992 1844
352182781 352180936 1845
352373726 352371880 1846
352564599 352562752 1847
352755472 352753624 1848
352946273 352944424 1849
352946416 352944568 1848
352946489 352944640 1849
353137290 353135440 1850
353328163 353326312 1851
353518964 353517112 1852
353709837 353707984 1853
353900710 353898856 1854
354091511 354089656 1855
354282456 354280600 1856
354473257 354471400 1857
354664130 354662272 1858
354855003 354853144 1859
355045876 355044016 1860
355236677 355234816 1861
355427622 355425760 1862
355618495 355616632 1863
355809296 355807432 1864
356000169 355998304 1865
356191042 356189176 1866
356381915 356380048 1867
356572788 356570920 1868
356763517 356761648 1869
356954318 356952448 1870
356954389 356952520 1869
356954534 356952664 1870
357145263 357143392 1871
357336136 357334264 1872
357526937 357525064 1873
357717738 357715864 1874
357908611 357906736 1875
358099556 358097680 1876
358290357 358288480 1877
358481302 358479424 1878
358672103 358670224 1879
358863048 358861168 1880
359053849 359051968 1881
359244794 359242912 1882
359435595 359433712 1883
359626468 359624584 1884
359817485 359815600 1885
360008286 360006400 1886
360199087 360197200 1887
360390104 360388216 1888
360580905 360579016 1889
360580976 360579088 1888
360581049 360579160 1889
360771850 360769960 1890
360962723 360960832 1891
361153668 361151776 1892
361344325 361342432 1893
361344468 361342576 1892
361344541 361342648 1893
361535198 361533304 1894
361535269 361533376 1893
361535342 361533448 1894
361726143 361724248 1895
361916944 361915048 1896
362107817 362105920 1897
362298690 362296792 1898
362489419 362487520 1899
362489490 362487592 1898
362489635 362487736 1899
362680364 362678464 1900
362871237 362869336 1901
363062038 363060136 1902
363252983 363251080 1903
363443856 363441952 1904
363634657 363632752 1905
363825602 363823696 1906
364016331 364014424 1907
364207204 364205296 1908
364398149 364396240 1909
364588950 364587040 1910
364779751 364777840 1911
364970696 364968784 1912
365161569 365159656 1913
365352298 365350384 1914
365543243 365541328 1915
365734044 365732128 1916
365924773 365922856 1917
366115646 366113728 1918
366306519 366304600 1919
366497320 366495400 1920
366497391 366495472 1919
366497464 366495544 1920
366688337 366686416 1921
366879066 366877144 1922
367070011 367068088 1923
367260884 367258960 1924
367451829 367449904 1925
367642558 367640632 1926
367642701 367640776 1925
367642774 367640848 1926
367833431 367831504 1927
368024304 368022376 1928
368024375 368022448 1927
368024520 368022592 1928
368215321 368213392 1929
368406122 368404192 1930
368596923 368594992 1931
368787724 368785792 1932
368978597 368976664 1933
369169470 369167536 1934
369360343 369358408 1935
369551144 369549208 1936
369742089 369740152 1937
369932962 369931024 1938
370123763 370121824 1939
370314492 370312552 1940
370505365 370503424 1941
370696382 370694440 1942
370887111 370885168 1943
371077912 371075968 1944
371077983 371076040 1943
371078128 371076184 1944
371268929 371266984 1945
371459658 371457712 1946
371650603 371648656 1947
371841332 371839384 1948
372032277 372030328 1949
372223078 372221128 1950
372413951 372412000 1951
372604680 372602728 1952
372795625 372793672 1953
372986354 372984400 1954
373177227 373175272 1955
373368028 373366072 1956
373558973 373557016 1957
373749846 373747888 1958
373940719 373938760 1959
374131664 374129704 1960
374322537 374320576 1961
374513338 374511376 1962
374513409 374511448 1961
374513482 374511520 1962
374704211 374702248 1963
374895084 374893120 1964
375085957 375083992 1965
375086028 375084064 1964
375086101 375084136 1965
375276902 375274936 1966
375467703 375465736 1967
375658504 375656536 1968
375849449 375847480 1969
376040322 376038352 1970
376231051 376229080 1971
376231122 376229152 1970
376231195 376229224 1971
376421996 376420024 1972
376612797 376610824 1973
376803742 376801768 1974
376994615 376992640 1975
377185416 377183440 1976
377376145 377374168 1977
377567018 377565040 1978
377567089 377565112 1977
377567162 377565184 1978
377757963 377755984 1979
377948908 377946928 1980
378139709 378137728 1981
378330582 378328600 1982
378521455 378519472 1983
378712328 378710344 1984
378903057 378901072 1985
379093930 379091944 1986
379284731 379282744 1987
379475604 379473616 1988
379666477 379664488 1989
379857206 379855216 1990
380048079 380046088 1991
380238952 380236960 1992
380429825 380427832 1993
380620626 380618632 1994
380811499 380809504 1995
381002444 381000448 1996
381193317 381191320 1997
381384190 381382192 1998
381574991 381572992 1999
381765936 381763936 2000
381956809 381954808 2001
382147682 382145680 2002
382338555 382336552 2003
382529356 382527352 2004
382720157 382718152 2005
382911102 382909096 2006
383101903 383099896 2007
383292776 383290768 2008
383483649 383481640 2009
383674450 383672440 2010
383865251 383863240 2011
384056124 384054112 2012
384246997 384244984 2013
384437870 384435856 2014
384628671 384626656 2015
384819544 384817528 2016
385010417 385008400 2017
385201146 385199128 2018
385201289 385199272 2017
385201362 385199344 2018
385392019 385390000 2019
385582964 385580944 2020
385773765 385771744 2021
385964710 385962688 2022
386155583 386153560 2023
386346384 386344360 2024
386537185 386535160 2025
386728058 386726032 2026
386918859 386916832 2027
387109732 387107704 2028
387300389 387298360 2029
387300460 387298432 2028
387300605 387298576 2029
387491334 387489304 2030
387682063 387680032 2031
387872936 387870904 2032
388063881 388061848 2033
388254682 388252648 2034
388445483 388443448 2035
388445554 388443520 2034
388445627 388443592 2035
388636428 388634392 2036
388827301 388825264 2037
389018102 389016064 2038
389209047 389207008 2039
389399920 389397880 2040
389590793 389588752 2041
389781738 389779696 2042
389972539 389970496 2043
390163340 390161296 2044
390354285 390352240 2045
390545158 390543112 2046
390735887 390733840 2047
390926688 390924640 2048
391117633 391115584 2049
391308434 391306384 2050
391499307 391497256 2051
391690180 391688128 2052
391880981 391878928 2053
392071926 392069872 2054
392262799 392260744 2055
392453600 392451544 2056
392644401 392642344 2057
392835202 392833144 2058
393026075 393024016 2059
393216948 393214888 2060
393407821 393405760 2061
393598622 393596560 2062
393789639 393787576 2063
393980368 393978304 2064
394171241 394169176 2065
394362042 394359976 2066
394552915 394550848 2067
394743716 394741648 2068
394934517 394932448 2069
395125390 395123320 2070
395316263 395314192 2071
395507136 395505064 2072
395697937 395695864 2073
395888882 395886808 2074
396079755 396077680 2075
396270556 396268480 2076
396461501 396459424 2077
396652374 396650296 2078
396843319 396841240 2079
397034192 397032112 2080
397224993 397222912 2081
397415794 397413712 2082
397606595 397604512 2083
397797468 397795384 2084
397988197 397986112 2085
397988268 397986184 2084
397988341 397986256 2085
398179214 398177128 2086
398370015 398367928 2087
398560744 398558656 2088
398560815 398558728 2087
398560888 398558800 2088
398751617 398749528 2089
398942418 398940328 2090
398942561 398940472 2089
398942634 398940544 2090
399133363 399131272 2091
399324236 399322144 2092
399515037 399512944 2093
399705982 399703888 2094
399896855 399894760 2095
400087656 400085560 2096
400278457 400276360 2097
400469330 400467232 2098
400660131 400658032 2099
400660202 400658104 2098
400660275 400658176 2099
400851076 400848976 2100
401041949 401039848 2101
401232750 401230648 2102
401423479 401421376 2103
401614352 401612248 2104
401805153 401803048 2105
401996026 401993920 2106
402186899 402184792 2107
402377772 402375664 2108
402568573 402566464 2109
402759518 402757408 2110
402950247 402948136 2111
402950318 402948208 2110
402950391 402948280 2111
403141192 403139080 2112
403332065 403329952 2113
403522866 403520752 2114
403713811 403711696 2115
403904612 403902496 2116
404095557 404093440 2117
404286286 404284168 2118
404477231 404475112 2119
404668104 404665984 2120
404858905 404856784 2121
405049706 405047584 2122
405240651 405238528 2123
405431380 405429256 2124
405431451 405429328 2123
405431524 405429400 2124
405622253 405620128 2125
405622324 405620200 2124
405622397 405620272 2125
405813198 405811072 2126
406003927 406001800 2127
406194800 406192672 2128
406385745 406383616 2129
406576474 406574344 2130
406767347 406765216 2131
406958292 406956160 2132
407149021 407146888 2133
407339894 407337760 2134
407530767 407528632 2135
407721640 407719504 2136
407912441 407910304 2137
408103170 408101032 2138
408293971 408291832 2139
408484772 408482632 2140
408484843 408482704 2139
408484916 408482776 2140
408675645 408673504 2141
408866446 408864304 2142
409057391 409055248 2143
409248120 409245976 2144
409439065 409436920 2145
409629938 409627792 2146
409820883 409818736 2147
410011612 410009464 2148
410202557 410200408 2149
410393286 410391136 2150
410393429 410391280 2149
410393502 410391352 2150
410584159 410582008 2151
410775032 410772880 2152
410775175 410773024 2151
410775248 410773096 2152
410966049 410963896 2153
411156850 411154696 2154
411347651 411345496 2155
411538452 411536296 2156
411729325 411727168 2157
411920054 411917896 2158
412110927 412108768 2159
412301728 412299568 2160
412492673 412490512 2161
412683546 412681384 2162
412874203 412872040 2163
412874274 412872112 2162
412874347 412872184 2163
413065148 413062984 2164
413255949 413253784 2165
413446750 413444584 2166
413637695 413635528 2167
413828568 413826400 2168
414019297 414017128 2169
414210242 414208072 2170
414400827 414398656 2171
